21.521571863426935
17.981359935083194
20.90331997223423
24.35474252981153
16.868600816703786
17.493748792209256
18.771873837930425
20.803249167218336
19.89743721158064
16.93056231114107
17.640360495128718
22.99134162212241
19.483992065016462
17.28706952354812
22.313083335399007
19.246642527789632
18.202393242086004
18.553417714764297
20.1452912890353
23.43516755709657
19.062911482166733
18.808040396733574
21.439072872672718
16.45225709883269
19.74989462065032
21.08348053177475
24.086093002147642
25.055577173867412
17.68571258450672
22.72783115146396
18.52692622474016
26.319686721141984
15.46186743137795
22.411706194802054
18.793177351538066
20.72446942134055
18.350068969972043
25.31827489058992
19.762991585549404
20.7850021084452
20.429885398065466
23.606568495941463
21.057073478444313
24.24869111284401
17.349068351249905
21.50398456462128
20.86623810414454
21.936387040032653
21.150045417491096
20.94354113034184
21.44169799060419
20.358776115429933
17.09821829057823
22.291659069236992
23.713160145229963
19.78492830064162
19.04023309678604
19.22314628919877
22.898363641404778
23.8174787259493
16.303905173073403
19.924039971806266
21.884134289776974
20.576819437811896
21.159136833512562
20.407778694262618
20.564011295413216
17.16870596962097
23.089963013682777
15.725812555489028
17.008943933592498
19.54435704126641
19.903683887712976
21.41132390034937
19.592439896887846
19.469408273406923
18.36905002095107
22.38830244635533
21.0871078182699
17.32707022874545
21.752657531545253
18.095493683627833
16.80219305930711
16.222107425573984
21.766371316727124
16.90282172427882
15.610854568595846
23.312071852577333
21.03619873033551
22.73046341566569
17.595332543110157
23.059883417226008
18.162279513036218
15.707533139323422
18.06116826775978
18.928054240725984
19.062533730149244
19.920675927972237
20.640239248714217
19.6956032842632
21.108360414145242
24.000917310021833
18.00097916034231
21.728228255282726
17.4099123233245
19.09054035193525
23.077583851696623
20.821606668981193
19.00106042876631
22.989506730728106
19.605305823022096
19.529197573734354
23.383081745310008
19.930413267199043
17.660584519442843
20.009761394945507
19.984776328445832
17.38936430247761
19.483051120744175
18.632759098771594
24.499211364342955
23.855441961760874
21.002619434632845
21.132986991747277
22.017215905668863
20.468184040333746
20.252509437450918
18.55709195384007
17.08624290076559
20.07354549376176
21.938108139918903
18.244527382576653
23.625869530767588
19.11326306390089
19.376278766267898
19.671948916562663
17.893838846941083
22.100252921817
21.20982883239477
18.790920235354193
20.54731349105386
21.653702885823908
18.11533148998803
18.229640165997633
18.652495228605034
18.275311308747717
20.358974001792998
22.188600130614304
19.665308576703115
20.056162604774407
17.844550769309215
18.31317048383201
17.130111963193837
18.860277977029785
18.88834170706842
19.19164841250849
18.080245552548565
19.520938493649673
21.476326139284524
16.418676813556793
20.398647743562126
19.07829337657107
19.580148624191896
21.26896661349987
19.84499307324977
19.83868266774494
15.20467500214444
22.100230377892785
21.340038495234474
20.953557435835368
17.01328048507795
18.770046063767534
17.502123215776557
18.727804578177814
20.120728350085397
16.557902994026822
19.358128146103674
16.51306846873976
14.247254994986099
19.924997268490728
16.108709159333735
19.642940220337486
19.8583478248628
19.12580664637509
21.97110434737556
19.540930529008087
22.454794132302624
20.401279415453324
20.447171736035987
17.81352343006698
20.944111034676215
19.803308710582563
18.96706138072691
20.12418260778567
20.40218307384662
21.24604623945965
16.7592728909516
21.361995289061728
20.40478189849463
19.2827000966557
16.766880749859038
21.261525203772702
18.16127724552376
16.263436969277
17.641881395229767
18.379870571332535
19.664356240926537
21.015152361857815
19.051422516122308
18.00361560081642
20.75485424628424
20.682926964567645
20.720091916374884
18.589329712306377
14.951191463060477
25.54797155842156
21.394893935050522
16.42119629909149
21.430683132543233
19.761775885943923
18.326817575702705
18.81856992701999
19.18751795512443
16.065006599356312
18.151788434072316
22.373585786064442
20.18934409556781
19.462480167734125
25.28059924938456
17.24324973987128
23.515979024885077
17.815446451587242
19.23792229142875
15.283256257131068
17.121640746712846
16.334476940327967
20.045106344971714
17.609275308392846
17.91234025852678
20.1539320649511
22.667328605385194
17.764064488092686
17.60433375985027
20.340401408031
19.574857979285635
18.518301501633506
19.991085776424832
23.82901482293533
22.291663493236243
21.643807020113016
22.749043650215526
18.995203173200345
20.079642776546102
18.883414575534157
16.501414876217993
23.21541015806047
17.40175372398526
19.005852392688244
16.38584972248604
18.40202810731815
16.47832981665604
17.97898038203353
18.273336142048656
19.838923049847256
19.336807515606182
24.697198018230093
20.036429400435143
15.591906789665455
21.27375274930956
16.647928582824
18.050227012525987
20.27526268521627
23.443732046604406
22.546216754810974
22.704459919482527
17.32116626980775
23.569966931334438
22.079838874835488
21.04016447294197
19.813800775971004
20.675073648506277
20.956386225286167
18.786270332101196
20.531021000107312
17.54944821425405
20.983361420406595
22.787366151234078
21.547671293764328
23.431443390979865
18.45580605028673
18.204370530475288
18.99284246944796
22.062088562311647
18.83209092193605
17.013030306586764
22.353842226408677
19.08564196705194
21.393154487334918
19.76254461038651
21.57197950218229
23.79371120746452
18.15761275846218
20.438371616279234
22.029306870077775
21.716747369496073
20.359205265046366
20.461857512906736
21.270758469184408
22.36528235568038
18.309536761550284
19.94513278730396
22.472092090694815
17.246759648357706
19.039125567842106
24.82703917117406
23.03297643503713
21.926025339514965
20.991394742611654
20.379301052235853
22.06814623085042
17.39860121748677
20.919963802276783
18.566796829209935
16.9960927323577
18.121584258884447
16.47847534752441
20.738908207832644
20.793674156503556
20.197901896099452
21.8629640758858
20.337457739167533
16.96527963724752
17.953196080425013
19.3249951802945
17.102504719850145
16.915878363067616
18.75907665101343
20.812023354195468
22.261025676803364
15.02531439693615
21.60251091402832
22.178801679245133
18.490550240068483
21.153599395990835
19.846541577670795
20.0423570344386
21.158556049342025
20.30805142811648
22.092224580508354
13.729740020015935
20.534742597047575
18.860092649309433
20.282097894792056
20.23788373754973
22.38309667498229
21.480517373014013
24.024101575710386
17.635042956602277
19.78774738315229
19.88911461497141
24.854777785077303
17.291677909057768
18.545033411625056
19.350916833105913
19.390745807672396
19.59251132010054
21.67457635558574
22.447119163148102
19.73311012498556
19.595651259878135
20.978642749300626
20.534286821913387
23.237268282877476
20.028777223336686
18.967286349859116
20.602532423961772
21.6656047972849
18.874251864731242
17.88406635152943
17.460691065245772
20.43524935885654
19.94527590506059
19.273181236899177
19.269346680790512
21.78324926025842
22.553170820131367
20.81083724407025
21.93115258642071
21.50054426463956
19.878888815333006
21.176718144192346
21.548878061940727
21.20363941472444
18.916411019981567
24.29941933527153
19.31895156201441
20.544994468991206
15.400790189817183
24.25677697193877
19.309487294735117
20.54070324283878
24.825768508167915
19.136039795242063
21.15057163309684
18.744998286823687
16.620771598130094
20.031082941693278
18.859015554761978
20.998865899650944
20.230796416853387
17.23268632212414
19.05685022700485
18.066362318539216
19.412138409165102
19.112990588755185
17.786454844198786
17.105735594296345
19.66497489375755
18.817366279550523
23.710909131673546
19.148795456965708
23.644738556959567
22.63485202539007
26.21443518022653
23.59850699166166
22.521517298935496
20.744355561950634
23.413922139837062
20.733480553629686
25.052294253116365
18.152795236719864
22.252277816141856
20.638212423895478
22.269598881072483
20.022850547724076
21.68222239956668
23.68744242464316
19.652947516021808
16.112907365024643
20.422709917429913
18.89814835960862
20.456925107962864
21.38606842416165
18.64191752265757
19.590313883223896
17.95247177516037
25.531222503967395
18.170632394935748
22.159718983322893
20.711911731641067
16.732537623213236
17.978097898228828
23.42697986510326
19.07481856684537
20.520707768681152
20.415350742411782
21.028556684279277
21.287112432218397
22.240487845354544
23.075144411110013
19.296695312636263
18.98726370386382
22.599783852052084
20.607099413946553
25.11628318903044
19.831994167148537
20.84772634702879
18.42546620941308
19.965559593037046
22.037834724763716
18.14795364650798
19.230439790784292
18.785715942173944
15.835459430263416
21.246990377376477
18.631237291802442
20.252338575718888
19.417442389757657
22.354576348922905
21.86265188723018
21.188906042809304
20.39038104092858
17.00001345066439
16.864718029458242
19.08528706459346
20.644719474334885
19.254859470645883
21.52710606047882
19.20283457015642
20.48649919486992
21.61340850762458
23.25345864228929
20.852463930153565
23.661349583962902
17.377125177144492
18.427333282288995
22.095301911038376
19.73387007776147
22.93653810603318
16.01096113827307
23.92406778786873
24.276414825692296
21.52166092656426
20.067071250564418
21.336827066839547
18.855450803273634
20.218382715668344
18.41801646988696
16.876306454391376
15.720316908492016
18.696650873368352
14.930532023830924
24.4096719198421
17.554221768548196
18.551767063998188
21.36334041289779
17.690455642890473
20.90539475423405
19.546286535645002
21.707585978924165
16.281976426191772
18.431540505665467
17.456209576795693
22.774031750590453
16.56918001420003
20.861269603749147
18.708741681140246
22.67205152746828
17.70445316319678
22.373585932766026
22.866073890876528
20.50968181665945
20.75303684956734
19.38327673407714
21.268074000969683
20.716124954622412
20.180222091490013
16.84573428429319
24.31206160202238
20.099863508694717
23.13958108855279
21.35701409247153
15.430414751195087
21.88804324871335
17.96238132120045
20.332115231647418
18.210670012187347
21.470857868724767
21.626240483048683
19.141252605952598
21.805944713266854
22.364878980001745
19.295643619775888
19.798268661220376
19.551849147745376
23.38120608638992
20.214302942366185
22.789180374191233
20.86788184956837
18.7114569045194
23.90410812651497
24.47347073752831
16.22542985630794
20.28549760081756
22.332841981794363
18.951806776638623
20.21262907026294
19.948923197667213
17.272613301689876
21.33177848072621
17.526866631065666
18.12365935984165
23.840199154835346
20.654364376180258
17.69582253103074
21.206742536224226
16.56688617875471
20.656107737691876
16.826510015794113
21.378447080546753
23.89022944630674
19.527234397260898
20.642349220030628
17.389231476365676
21.765738478619745
21.487258864951848
21.689454351150495
21.685038648240187
18.869889789810145
20.41597667233468
18.63311088568885
21.18702417094135
19.66005665733802
20.899397133004502
19.693374958477182
21.777288079793472
17.179278637477537
15.679101515151817
19.87003336689577
14.944310668959531
20.542896523129095
19.75001942128641
19.38519060656565
20.904199931920846
20.708874917346208
21.456114233028877
17.81829256759692
16.92827366263355
21.182283228938363
19.09813304931545
20.308311937586616
18.773482819524084
17.282366178552934
24.35848066757101
24.3492683995733
18.32443490930897
16.183899345924658
19.114619853299775
18.272070563049496
22.938296266098554
18.633484514838855
18.808464306956065
18.530217451022917
17.859340892460192
20.99920330331532
22.126005241905073
23.83179125983418
17.737009274191962
18.592426754988335
21.050326702373464
18.626986433094476
23.263431554373074
19.498976932868494
17.01854034681761
20.810716159879554
17.715936715615413
20.466512861192673
26.00488116818812
21.253852461456116
18.836091481463683
25.04372494014115
20.01875645065315
22.742093067596493
20.83681635373471
23.36564381446357
20.35677877792453
17.209092482315793
20.887485109058122
20.380556685770934
19.393222605717256
18.411456249471406
19.489783369816973
19.648872162358373
19.088233258677096
19.053860291391747
20.25561314213576
20.561835249123497
20.20622373999692
21.42693628037951
19.80558000811845
17.80096418622392
18.25229976386665
19.1873819239856
22.891203451320777
19.371420001448502
22.269068680872284
23.312474151969457
15.675818642004705
22.95229558338099
17.5884722629221
21.641420966709084
20.5144583143702
19.25263808680753
22.0231962524538
22.800427241022856
15.8841811450712
18.243280503369228
22.41796504807917
16.69333436237457
22.967735073931525
20.721377655093843
20.41410848854126
17.05491581697126
16.80721028781238
18.48982186954813
20.775724733218233
21.945331995867544
18.226627915526926
24.80715180122082
16.185997020904985
20.534702797598914
19.138645207376705
23.493218396765993
20.190776163330675
18.362617076166924
23.81855950770708
16.737267973848116
21.618949910969086
20.13183647461122
22.98407731720567
14.314735959684455
19.873129780161015
18.714208720822175
16.199793855539923
19.851675848359218
21.47613271743614
19.080698547139736
20.581043781187848
21.856497922423788
23.194539874335813
23.69212176525707
17.699532923307274
20.362441291732132
22.982795281506984
18.996374817431878
21.580860257629777
21.153428893864724
19.64091620430587
20.84624006465073
20.604030162558008
20.207428485337573
20.91114780102205
18.533641395867114
21.64150097217072
19.807191801634744
21.670852644421743
19.153235893653594
20.39857998909873
18.851757474174182
22.63442881334701
18.687501921096256
15.477873751848923
16.796646630449537
19.317883575410605
17.329395396776466
19.700703858057597
20.172220437200018
19.14979203898446
21.628417900983393
23.927535210110385
19.026387760805225
20.472208467005355
20.9025536920478
18.06630046292027
21.59820898580275
17.488041624576745
19.018826543952894
23.127786624382786
21.271379581779755
17.861917684304395
23.50584303429718
25.409667855441967
24.718236191095656
17.04977577448079
18.46110936613968
16.689299381404233
23.797392889098145
24.105667138797248
18.67762065257964
18.427601188424084
20.649538280817197
19.935449644495463
20.24133951499197
20.36467499261933
18.753043225901855
18.192471444294707
18.80564046861396
21.568161978062754
19.732437991132258
18.522684452661657
20.611435442519817
21.22482321022255
20.23224336526793
22.817120334438656
20.3777153797666
16.652095690606792
21.011466245036747
17.520614283077553
17.290098026110268
22.109074778578247
22.090306665214186
19.47861371055346
17.34253542310874
17.780325344869777
20.50666248300812
21.344668671302145
20.618624945247742
18.295379274485025
19.81350998592039
18.260544038402283
20.773899942270734
17.256154993785472
19.31748877506656
19.931837653888895
19.961531873319377
17.841217083104546
18.518307738131274
21.933366546621812
23.70441408170759
18.603874063399314
20.670411573654913
22.472000824789582
21.110104933076407
18.944542140674002
18.92752307934021
21.93902525083136
19.23481851034937
19.847459108346694
23.150089776475163
20.22710122045584
20.529747629649723
20.515460256248637
20.066071736386522
20.418200926312544
18.69248946367359
19.851756573513175
16.690292740982862
20.498337128484433
21.43338819637782
19.180799459600163
21.552787344961544
24.61108205614054
19.249479844533713
24.266032095689496
18.930967802004513
19.422172857832848
23.106574166061264
18.43392331843026
17.93401033682528
20.292711561549325
25.015209511824537
13.606193549422219
18.58478802174246
21.51199165451339
20.949913622672607
19.043684667119326
17.85296292103154
17.903926336839245
21.042876775985988
20.230820909290223
21.22456643001202
17.877117302609932
20.58417080291214
23.214408043926557
20.5607096549197
19.781007145939025
24.837219500124807
17.2520076614885
17.246307389367608
21.986606904031042
18.543004332905163
21.673162802686985
21.093094063146673
18.60097861497494
17.56340567086893
20.437462369599274
20.569012481593134
20.34390003246754
21.799626816917332
21.039817791824557
20.591772391016303
21.425814235077475
18.72864762498131
21.042949825542262
18.31939827554747
21.792017606827418
16.70008283741024
20.80396097629413
19.54630139354717
19.142124378501133
19.160241174228947
21.869611763595497
19.987308235124058
22.58689835568716
17.990960768990213
18.5589854825575
20.77742340445775
20.543063352806005
19.798037272760283
18.344987082026652
21.496679974357317
18.847696682497173
18.816499576947958
20.489627012432855
16.996220816041824
19.590761951205643
18.048597717718582
24.087414555975798
18.060229236769494
16.656400704074354
20.484045477152733
17.507866586101713
17.639889499286024
18.84137077488127
20.2847429083135
24.19896907588363
21.953345525126615
19.100433086793785
20.897822085862067
22.025000205006187
20.36076968844381
21.113186590945183
21.302297267385377
19.127158974467438
17.90339733181485
20.002805027030643
20.323712137332084
21.517285116313904
18.731624212287187
20.498433718940657
20.53770324165166
18.028857106696062
19.82010572467798
20.258212500661813
22.475974408937233
26.008634922039562
19.74703955700142
20.81566092488624
19.287874757851654
19.422403842240314
19.954651730140853
16.466313486319972
19.933256612363337
17.75545719053667
22.089768397852083
20.779931503118267
20.818498186013194
16.715594614853128
21.143954741442236
20.356557615618396
18.769680661128454
16.680916361875244
22.16332519397718
19.83166821770481
16.680483546953294
14.553968624126021
23.73382191404597
23.235231163970344
20.14453903647702
20.593791426234095
20.203922777702623
24.465472483759825
22.820914584636128
22.1868177713122
20.11768575000885
17.691230544075285
18.185193296214027
18.636545953938374
21.024695868130564
21.453327797460243
22.119912205424967
21.155004697678134
21.616586911726817
20.744662018731375
18.159375116977284
21.15147778307874
18.84879900376223
20.738396162088677
18.470746397218782
20.545139596099204
21.259289262896473
22.306809336179192
22.36394850923872
18.254580105888635
16.471655150648818
19.810070884187073
18.60440144802587
22.643839464971137
17.955788189930626
17.39938572620509
24.401477456304022
18.45121914682579
19.352460776014738
19.564400819600586
25.234773592293756
23.03440743974074
19.529713441973623
18.55385592940363
14.507189356884355
17.39609847401237
17.267610246426262
16.076415394513752
21.180925289452812
17.982040147121022
21.359589865373493
19.46107228831952
18.90445331763436
24.271643631164988
17.868437313553084
22.11701471490587
19.553766618220248
22.184763904508834
17.975131231024193
20.185235239320733
19.870465244886613
22.29556734453366
20.886910117225085
19.686385254044854
18.907406604222643
16.793231545847743
