22.513359900998232
19.849702957348214
17.93491863744354
21.265091923399993
20.003215549199318
20.131955697364717
15.21688877383469
19.472400487970667
20.661105817296708
20.41407036767343
20.387702646284158
25.532805824769717
19.939524727307816
21.401846634982824
23.31397034007249
20.291237368857814
19.64207024441476
15.920763615794513
21.675852605179646
21.01613329948749
19.16566367166399
19.422872437198052
20.086236068904267
20.783460807761546
18.150019901521002
21.482115096763433
18.06854108610351
18.603770695966055
15.32365775830861
18.975810001035843
18.424412695809163
18.079054034683537
18.450509806617877
19.28027337863029
21.481876019448972
17.69814891884769
21.202248519685444
18.743531462691124
18.962472821763896
14.904527305579878
23.293326090016194
22.131100068864495
19.117866724761072
18.39056839230172
19.735775234942086
21.95777953857919
15.109998513987968
19.51584469105191
16.608094977697036
20.045384638153543
21.693504663461646
18.87182669426578
18.72076816910804
19.75050347174036
18.880213696825432
19.396524084411453
20.516136793598598
20.34757743158645
15.70104622242354
19.60766317295374
16.18811596756296
22.82799668833284
22.039019803861102
25.243178385203915
19.735592577842414
19.289603281727594
24.204735752218646
15.777183943605891
15.180539245179636
18.06266944744021
18.19608279925244
16.64318590147076
18.547565173461784
22.522396988416183
21.685548758507366
17.47336084753857
18.85058509909354
20.013851745234366
22.618586353641387
17.85458055043462
21.448591540609026
17.80868174436372
21.89114329049311
21.47275693512681
20.28328836647643
17.423704141270843
19.161121910042205
20.284757898520773
21.057388789330012
17.791897758013807
17.88309152192569
19.969823628125063
17.8454189715231
19.540984005571108
19.47778839977964
18.564875483613054
23.616373862944915
20.53577837854412
20.624776471527664
20.747998583630267
21.204238332742694
23.54494788824599
19.28465127694814
17.734251703432406
16.372600347778203
16.73639437828563
24.865433872099025
15.854932893909654
19.80395816390768
21.23966292904223
20.302278983556757
23.57075959754832
17.61194480879099
16.855014948682406
20.068886747597357
21.309541074313703
18.22688281215999
20.787162310178978
20.96095079252791
22.579130646361712
20.50151712580023
20.660546912844833
20.990820400401198
20.184873811596052
19.89547749090573
22.544494794852092
23.087813561506614
16.410674070973617
22.346233241632472
19.491907187200987
17.831756642848774
23.42920754509854
18.49825127150575
16.23736520895046
18.31614071214079
21.899751681020717
22.24868412945536
18.557034730680964
19.284146186767007
20.442873580100866
21.26203216177366
20.130930994376552
25.61442963124051
19.57438171259056
17.741990029554533
22.43134623084313
22.68111817409278
15.225771031846392
20.04490337714354
17.410735562102133
17.72495330968502
18.619982630073437
20.756757092466323
21.907466505266513
20.539796213744605
24.301462167900112
14.499177768191263
20.031791159905527
20.142549845489693
18.944717517071876
18.82012988787621
19.116537473915628
22.141752965233955
16.814596182967882
19.631604512533798
23.290370374725743
20.40359388403273
14.343941848758094
16.891171917143918
19.099655072075244
19.067127913788507
19.462827776267495
20.206166744979644
21.040017204820927
21.862166955320262
21.873456179147304
22.050496985647698
22.768576304221583
21.02488840436051
23.001430899947948
18.738951018913852
22.619498824875603
21.757846244057433
21.178914697814445
18.622787262802596
21.763646298946195
20.085841080759096
21.444515491443408
14.299551596793012
17.890788475886822
20.151559633830374
18.34430345182529
21.110966712046388
22.41932627036508
19.92310068491472
22.343721690100104
20.843206359198753
17.196793617438345
20.596799418107402
21.684489045519044
19.500230577928175
18.03058415122965
18.88790252230525
20.367717835958405
22.183042320119686
18.870162509891095
21.142557805658853
23.20376149640431
18.631642721665827
20.98224229774445
19.328293550214728
15.499898566095329
20.478655175261142
22.24375149457748
17.97670197380053
18.86440356392058
21.79632069973581
21.40337614772787
20.776659372848826
21.36888169360193
16.107055534014272
23.5506971584728
19.88579132415917
19.90759668820076
21.172638236613658
21.019361214370132
18.628934075713534
17.55122876981926
22.513088111452085
20.609388343148076
18.68796140889775
20.681526149453802
17.849742842413725
20.092054344169295
21.744541835033928
19.003901059014737
19.700697073777707
22.353100838384954
18.824622638926947
18.135887644306077
17.449891471466486
18.07454450769426
21.28508076110261
21.80916503607725
22.292781289038647
18.212883027856698
19.508986792138323
20.50226336934662
20.11197237512852
20.642669985641366
16.61561627656596
16.216895781314282
25.476246983487023
21.49689746108918
17.39239137179888
18.581353481757574
21.016790206847077
20.913462599453165
22.76214525061338
18.625256576639877
18.129750161691334
16.04236168011298
19.872545250189926
20.060678901110823
19.581234216017258
22.188765415939557
20.018963029079337
21.284192385005216
23.50026794046961
19.32201846224459
18.45272343410273
22.660516392935314
20.859710965511155
18.50460345600975
20.53655292770914
20.67009032566282
21.5353712661785
18.300128011541336
18.384253641288755
21.252289974931696
21.235315528894468
21.239447127091825
21.87188402764229
19.976117797615906
19.949536078538845
21.43268006351563
20.245112066674324
20.66489000273043
21.49630505344146
20.73880578469409
20.255265145578978
19.33967832526316
19.541006271886165
18.26954928401186
20.024892465260688
18.20149703455301
20.96630770987944
18.835800417040208
18.99409165697179
17.714119054051427
19.19403719560154
21.018348114026626
20.35680648884659
18.46995216745361
19.64971196700337
20.95757762706365
21.0889021847017
17.483815661371985
21.507652103466565
19.688294534772798
21.913302387791063
22.73562337062934
23.26017222029691
17.829485449604853
22.199511135695914
25.426588848123117
18.368998064312176
21.40015310563565
21.978668804115475
16.298229927624078
21.922212002421656
17.918200524574694
21.16283649468445
18.648196323420343
19.005910663213474
18.640982930455547
22.057559514419523
20.32222032807313
20.398975302658435
19.727494558160817
15.704156129991215
18.74927338553467
21.59422873341152
14.860734971000852
19.78711600440152
17.857490139760245
19.94981892058972
18.189065463558983
22.71791482875871
22.200369456337448
16.88127056224635
19.40779891188767
21.844132047781173
21.650976846158226
19.252883397537087
20.42814051102942
17.99293947082318
19.516427918734134
18.29651874403652
20.20541358079323
19.369891646310307
21.137826594749516
19.354423840568348
24.20001180032691
18.68793544432023
16.784897861341257
19.163305446826357
17.516764841529877
17.638886353295554
25.899305043524592
17.09560333761432
18.677302362186637
20.99064903354994
16.423096745712574
21.33826683456203
20.003295181734472
17.991424553874623
20.22008776791573
22.69751837206742
20.35147350933707
18.259964700961582
19.408058686924342
20.992911971284595
20.23948538026875
20.938725985154598
19.663530774681302
18.590028012113695
20.51907396100477
21.63862422198865
17.930867711371615
19.055523435574028
20.153513286192748
20.599388412426297
21.611759928569924
16.355314200750655
15.915966387958184
21.33308705532941
17.560138593699655
19.782683492207003
18.914211604262118
17.705802978998673
21.504710149320942
19.89041888659112
19.215728123964134
16.08585397500145
16.255389577312886
20.179384402051678
22.008020845474586
17.718676599332543
17.39319479548619
18.634533617158812
18.737843260904647
16.881849518398003
20.54988962676871
22.51235823509096
20.933869020712656
14.83202832555142
18.970614380141356
22.525731790940785
17.901302630634714
16.452434892950563
21.51993020538242
26.54412896521325
16.690040695709047
19.337264314195888
18.53155744516615
19.748543229273334
18.334714891145897
19.77158983519972
20.283141201208704
15.837200081272151
21.765051714077636
20.83780071182048
19.993867870508634
18.13362075324917
20.530117087305076
22.464979223138585
17.074439208415217
18.064073342994785
20.17618334733024
19.251395859572572
21.625030446276963
20.231011808237433
18.93189168661012
21.60540179856885
21.219746881412885
20.218458919071356
21.890214716970235
19.164219124070012
20.812891943253636
18.600743438086706
23.369779618932295
22.030213654663353
16.931222794716593
23.312781680629307
21.387275797106312
18.303358512650895
25.005869997200122
19.173867537075093
20.683098009745784
21.054171291873306
21.642979962237096
19.874656202326218
23.17288903210411
22.74756309491944
21.979811135149852
18.451124952972087
18.395716816832003
18.425156020456704
22.828925818846752
18.177788601696886
22.348619961779914
23.92578604933985
19.773532451535573
24.280335148722248
14.343913934508691
18.963592605772718
18.95566899568173
21.182592176603567
16.87200258817899
19.124674089478205
19.018805844410128
20.136624926470375
20.995490581481796
21.979530289259497
22.616472126713802
21.783498039181207
20.812488306357533
18.824981746057844
20.049545237039062
20.0115494338471
20.465820102517462
22.22823714729164
21.608992726983253
22.897136620632033
20.831736904522607
24.012874334842177
20.007185182876547
23.683524024551147
22.055275926005574
17.54583170804345
22.15650054210736
17.050286826331256
21.45234621365718
20.800830074600587
21.328187879560854
18.673858483810147
20.230493486316764
20.397109095274562
21.41732837558566
