23.179603712923033
21.231252767917887
18.16950008345708
20.356735265917838
20.37735732699391
20.55245325523696
22.014613364168223
17.475328563458547
21.40083266971129
23.50562848889268
19.4451556661638
19.601570308033306
19.288108280266453
17.153064132039038
22.27380413512384
18.05562316328356
20.742359413680326
21.679834571923937
23.941760731498505
21.285379552916336
19.310479414855944
18.70850748846228
20.49457941439834
20.370153746530605
19.497541247990757
18.938628416991325
22.278636516800397
22.34258692796075
23.59834193339102
20.551348613236435
20.819952005930485
20.5740906054102
18.546260188463226
20.901126259806244
18.732702744152455
20.585027142356687
20.448459396610055
18.663109286031126
21.250100755578217
19.60940190440454
21.110984393404003
22.721665263376245
21.38651748051662
22.135284507350434
16.9686947861804
20.345189479524816
19.263638871704494
19.68778193496264
19.65587791338876
17.93410485574158
20.08726352829028
18.13410395236439
21.369183376731705
20.207786708310564
19.41737487170756
19.43856999591989
21.83957919410288
20.513657613300946
18.682910234083494
16.984534877511976
21.117137841111962
17.411145776462348
21.277093043050893
17.728529008260836
18.544903476955465
22.977698811729
20.247235905414644
20.637381449467277
20.93898893831939
25.251637233403432
16.885728101256564
22.20013945843924
20.507915908782483
19.8815539636673
20.310594180491787
21.29005439872074
25.036591897687778
21.782599192651954
18.161781643526048
18.32288108378475
20.297430032144828
21.052111081495624
17.11991074015187
20.964573857896813
17.5410664242191
20.316753935521092
19.674529139962246
21.924791490932492
16.817716387865186
22.451771499008345
20.53528398264217
18.667699450038402
22.453589597817505
21.05367120614529
22.127847854916844
18.240684036198243
21.9497668216871
19.832805738291118
22.933281182178526
17.22557873719361
