34.4167661841765
37.001643007117075
35.84890257034409
33.02388593642838
32.08729377084737
32.868558716000216
37.34542212778386
36.18750191149456
37.22152658810666
34.768767975250775
35.217167364021115
34.63323429977117
34.08488090059252
39.0454574153079
36.87013340036205
36.37610474125363
32.69306839863607
34.69510093539162
36.85636987472548
32.09309359833298
30.284898059712354
36.95855386862207
40.81721912840301
35.3783774210388
34.1200057480669
32.18966276946035
35.68827819625611
34.87065088022061
35.68510266054853
32.97246544282617
32.10910216042237
37.64473912467024
34.447295207727976
37.72943251173358
35.960120266781246
33.68588191204416
32.36063489501427
37.14030133398071
35.739552578097815
34.03269655700606
30.261402261550273
33.19883015087786
35.33805065422849
34.89967024503405
35.36960401837784
33.80465823865016
29.957038527501286
33.45482989958894
36.29637200114532
36.02305268158266
36.76586377372115
36.944743201075184
34.84525168018988
32.497348036410976
34.97002812132013
34.01862548746131
36.169361162750285
32.93663724931135
35.47849640625022
35.41718541006556
34.07085276966885
33.762651974033844
35.7936972541391
33.042179410725495
35.165270243343976
35.49634152455092
33.28291058394934
34.496193383034175
30.577081218702702
36.57151873063528
35.25796634953049
34.23265077307196
36.28577578765969
33.57736559179982
36.29731367003363
35.77172080785781
31.687532624308442
40.50637053821223
32.25640983875648
32.44745608752225
34.61754321684399
37.690704135564644
30.641834067252795
35.989343420716395
36.73493825211686
32.82643677283112
36.09665963865253
31.361152036277126
36.2097604137087
36.10415989126726
36.91501978072561
31.866761233622057
31.60026817871961
32.853602528950724
38.12626126281471
31.94307049503314
37.880319438997724
32.39751362255482
27.990983164918973
35.00157664980875
34.153480809541094
37.31494622602065
32.77869823743542
37.72688147519002
35.68725533962795
32.65462486853586
35.92046180574587
32.64648633436319
35.32434176013857
35.43410805881156
34.9979830090027
32.554918425978485
35.219063093032354
35.458812122809654
35.98568370633979
34.77934971772837
36.67447889866931
35.620252752238954
35.21935345788894
38.829017565202136
34.663779476355096
36.454269224415725
37.44032751494662
33.96019447747302
34.29165900412254
36.98082887588495
37.849048872149574
35.607818574791295
35.56732592308963
33.79737939146917
33.53930596839022
38.04261392962107
34.94405407840914
35.913526950156665
39.05962198466897
34.76068637933545
34.758720186682176
36.78321776234634
34.48119866139674
34.82154700654598
34.9596564688431
31.09240940047033
33.91903929963048
31.650225979071127
33.224224048497206
34.3760644367377
37.09914972376865
36.10741980851718
35.635694650100916
33.31830476092688
32.63606855520809
39.97104450193882
38.144825912083235
35.974126126517845
37.45822718280993
34.81213218038344
33.46543693500296
33.96967520582306
33.39725529953608
31.921877594654628
31.71569351885834
32.71781802009369
33.18181176125193
31.836746633777572
37.235567761284166
31.449133058797347
36.02549683958383
32.434619804851245
37.07441841136569
35.501926385776905
35.84566429093527
38.95906858030598
35.89836400078704
33.66261064061815
35.44344189104027
35.61347633047605
34.74527050617109
35.396842996051674
37.49550678658519
35.299976583081374
31.78557531617984
31.14774873195647
35.42568252677298
35.62764253061001
35.2278188602408
34.45610316238349
39.88630226903585
31.456529529438594
34.12479061715198
35.70593961616144
33.880148795527006
33.920655097465875
33.00272382454058
32.748924783984485
35.27482993212096
36.28957960805979
33.781832567867234
32.35487442925282
31.739194621574995
34.795041843810196
33.84311996496803
34.769888580529866
33.92542674047843
38.5560568186522
31.499774295515564
38.6965570063268
34.075703877259116
34.54204110886472
35.01406330053602
34.95873670921595
34.7380296056409
33.628572114350966
34.55946132025642
36.61150537218006
33.88818193954728
33.948958069693965
35.19156311842949
34.626746442519504
34.52872265190783
33.578684102924996
35.69695665679177
37.76252711026313
33.939239467683855
29.75779811016172
34.05258391395673
35.893540707765574
36.771023148945986
34.849941238213745
33.79287967482877
34.07948149599363
36.3200369262963
34.28963160605878
33.685773809531966
37.075218755480364
37.52981606594018
37.64082024882207
38.92835822017592
34.73120234344504
34.679146655071406
30.498404847982865
35.31765377541168
36.09189172294525
34.142217776578896
28.731326244131196
31.266063844847732
31.74306716843133
37.04448175271952
38.32438038763673
28.595728217832516
34.7425409756401
36.15190658204145
31.697202447131154
36.24058781319529
41.01438201261553
37.17087445177949
32.50712765277167
33.633989636758834
36.671316308038726
33.036939625682336
36.3133239177386
35.64005761280637
32.47879603783231
38.79372190958231
34.75904387711956
34.885849522559724
34.48219632367723
34.330271402147645
36.99038561844987
34.20879691864343
36.18933927812587
35.92935482516341
37.49066876645374
32.5299535964856
30.92777809385155
34.950944837690415
35.40880184256247
32.51280913724369
35.06272206160766
32.72725555537754
33.82267841138187
39.9960172432193
34.181401862396775
36.89866875173439
33.01923457535741
32.99777449527714
32.50844798234628
35.32189972696375
37.7670645829953
36.39606961672665
33.02318671635085
36.24540458895234
35.352974443096485
37.7824875706058
37.01407786006228
36.85840531835085
33.649711419928806
36.09276790857716
35.84649677262934
35.02781116248706
35.78609674310587
39.44102117903779
33.58225181907776
30.84658811652096
34.82669501571048
37.18990832328104
35.925016633103596
35.35292350463725
35.753856249582185
32.727931504069545
31.538289906673814
33.722651578263815
36.85891065083703
35.92680887006856
33.29488232120794
31.941783805855522
35.233923314670584
37.30538766335492
34.9856925873193
34.13179115787341
32.57382688324724
33.138448365040404
36.93008507931318
34.64816266466556
34.64981239711052
35.705608551443575
33.00293024472086
33.63928307634705
34.289808761295575
34.14089286182556
36.46695672959526
36.018424990935806
33.10620604399031
35.00871883363738
36.08522374822908
35.747515941661035
34.905277029963145
33.05265377536281
36.58546656392806
37.41513866065854
38.48469107831327
33.35744839672357
33.04560873036368
36.3839882115339
33.22759231801209
34.2423037394486
32.40861550620774
34.02345738048106
35.66103726788695
36.878721834503885
36.517966811667456
33.91181683340703
29.763522472839036
35.04692114474462
37.51647143751483
34.946264796797365
30.486162138634555
32.004804702144284
35.00707377984303
33.52928883305458
36.43422481545015
33.67774344463536
36.64526923080006
35.46097023917524
38.75595364811314
31.86306533456826
34.52901240928043
31.149123311933838
39.39739413888804
38.07237891499346
36.03908787074591
32.842663500807845
31.0151344007263
33.88303417318262
36.7585457626614
36.78317846734697
32.72657486991322
35.485658336719005
31.792287144801218
33.01971765877856
34.78191025337987
38.53347632873178
35.30472177572189
37.29695758568884
38.195626158519666
32.57497464641464
35.27315442682523
34.41662585547332
32.37177221235381
32.56463900545428
38.135202596419965
33.07331455931492
34.21964129993713
34.80798614767927
35.68512278700029
32.7181627589553
33.93655225518809
34.96296378312651
31.29016823883596
38.83521738446164
35.219210774065346
33.85830048099546
36.02903522866153
32.75584697788437
34.52324193560405
34.18672870008375
35.84602926652415
35.45413483754636
33.977005640061975
37.876164513241704
37.92936640413512
37.07774703824109
32.00097150451337
31.542010599408115
37.7122929288895
34.004646675376854
34.19523320509873
34.16341679925432
34.7464172422164
34.08617696369547
34.20517172686194
34.160732138936766
32.30548671702635
38.39238257619628
37.46782540396341
34.81691885983748
33.212850090737376
31.96448231558569
32.04500424218906
38.77481554325096
31.313964755919212
37.95176482960531
34.14577782908853
33.54264330596879
37.00700601565934
32.93652514268254
37.325725335638154
33.89471174078558
29.388816092477793
31.3302052340106
37.6594004206918
37.615924250893535
38.29203711628267
31.448722503740374
33.96557843283809
33.21685199621018
34.75726446801998
35.90806694954844
34.56439169029599
33.39356722502732
36.33011762394218
39.21523087023342
35.23732237882389
38.43780023125666
35.56860958308126
35.87176995039261
35.284000459919724
34.18987025027899
37.51020030720535
36.938726989127574
31.081629099092893
33.27626926207955
37.49435952175005
33.91781411085885
34.53468091143628
34.911953374869036
33.221221325550445
36.01652581737304
34.047030337588176
37.596531769217655
35.27973253334946
35.85714598303648
31.666184477450415
34.93871850939535
33.34838058082126
36.855029614257745
34.45619829439724
36.175839673552126
34.573361064669456
36.34161370440741
36.53291877100498
33.79820628408734
35.34082287151146
35.79119054829057
34.35774500936283
33.483438947502975
33.83415334681147
35.248187840964114
34.92468009453339
36.0995084936892
33.2487893595277
33.13974060455534
33.458704939104074
33.102014674148215
31.621341386774976
37.46239368469529
31.380508451711318
35.90951863347916
36.373645047894456
40.16843363598685
33.07564962475336
