33.47990448949339
35.523287697894354
36.350219656340805
32.5262338349436
37.43534580689378
37.63300158721667
34.576548794688144
34.87856839463325
33.89950215965436
32.97543774198624
37.58340993604331
36.157211280838844
33.618331980845355
33.436632112932784
36.39240271003128
35.34717934870524
37.638733238905736
38.295512910709164
36.68805014004692
34.55796670862033
35.874306734063886
37.04136465553743
35.49158984402053
36.20967584305721
33.22333190451975
38.231490458457074
33.148991711947005
37.99822542969614
34.68715580102649
35.02143746362616
32.63230003698154
35.54883494308724
34.67941332521832
36.612201545211285
34.38415642260885
34.48350879521924
39.168070271178564
34.22356527294136
37.00391726385384
32.55603974656609
31.979321019815423
30.71622736231457
28.40957584974684
35.6881096586996
35.37528813163981
29.846710421193734
35.29106635224959
34.72603148866605
37.65901804021119
34.90055603712529
32.636635590777615
34.88029748827308
34.717028640396826
37.34753234833094
34.47251332051449
33.712522362924894
32.476860378969945
38.74380372546705
33.52537428338709
34.28055321452008
33.791557564985325
35.16822424603682
36.8739976874823
32.83131653999039
32.75440399485515
38.43361824400508
38.53224191470768
34.347940129392015
35.68380257777337
37.76195671950741
30.962694044953725
38.42362334334969
36.37956380767629
34.44440525891292
34.943962486524114
32.92023851026576
32.039375838533644
31.326447109227814
35.98349129059877
34.25530124502622
34.51948007396825
37.58202279182991
37.65708254297133
33.905795180303706
36.28647149149705
34.38653050894575
34.77615917993226
34.03056920015052
36.814805137513964
33.633177243414444
34.09779627136472
36.700482552647735
38.51911757373641
33.69617386060377
32.69134416508933
35.52195311129996
36.41267293183763
34.22057076595827
32.3019697780719
30.77970943451338
