35.173551757699215
36.42175095736674
32.1158084969687
38.236824156719706
41.5649131109981
33.639946980923156
33.984233875446336
35.493732777707436
36.60126041206914
32.453135170224
34.28198177155508
33.91782876303045
34.396889771165746
35.72317639476417
32.22496970030732
32.68884322319067
33.679020886908276
36.10211708473004
34.955802265305856
36.694032197540814
38.46915879956087
35.185967466505865
35.27708412551102
38.39588368788916
35.820370891684604
39.844015286868306
34.61454797685573
34.50453459256784
35.205909016383735
35.88734125608548
36.53318036496286
31.81209169922364
38.038287319832136
31.649509217600233
34.20990562855272
32.57983408525617
32.92625009924789
32.878318835226004
38.736260791642266
34.44674803648567
37.29658936225082
36.026586715857945
35.570109436886796
33.33922301430797
37.075443309560846
32.568529480682756
35.947163204642806
31.764152052486235
31.962856773775314
36.002365933596174
32.06261494612659
33.57154751980656
35.26331256722854
34.43427563394974
32.09286921288443
39.538276361727334
36.69545406130256
36.94571639654568
36.263084783485326
32.753148450573114
31.199906930524055
35.5822832609017
33.57552453912478
34.00346585772194
33.573077888118156
37.61320680721295
34.303679005314336
37.40484881075528
33.90792216911214
35.02415266608349
34.999830334854494
32.69558594333478
36.41561040025959
37.426511280139955
35.48404537447425
33.0615713049906
30.459236270339904
38.68048090053451
36.90267037305284
37.17717746023989
35.57956692811636
36.980701598916895
33.990412176720746
34.9664569339994
34.86750910225652
33.826950998914064
36.8863660276172
34.880431629459345
36.29501855305731
35.00052779255945
38.03557730254962
31.500734081186184
35.012476194996495
37.374297711480196
36.061268575827505
36.53862426114519
37.41369521954469
32.64408152452249
35.186607055435296
33.336813975875394
37.23345243003482
30.24949061206401
38.34098168644194
32.73001328590414
37.27064301237302
34.108906253640775
36.94123054322521
32.96322301994971
30.52760847103798
36.723030777746935
33.19568894034361
36.672836730701796
38.09256880633539
34.81681845306015
34.31151502781508
32.374620702987755
31.76180041775466
36.84960698244267
36.233976675606
33.23511684051086
37.35082695842527
38.158691366803296
37.209874245359465
36.21406043056174
32.818198709360594
32.928226952066524
36.49638272641738
35.76255350977475
35.12415774946723
34.88606730625714
39.862082503233125
28.98177450168109
33.63940949308
38.28423154219149
34.57085182636784
38.10549385084594
33.15333223543034
32.328919585531
28.422863606356437
37.26136584036724
34.703367102775196
36.29958233863191
34.638938195060256
34.94539364301679
35.95085305353832
35.926740636769125
35.590123380147006
33.7524891539303
33.95411736825985
32.638372945872234
34.27942634886643
31.605634439292913
31.317501405263037
34.84597242482792
33.4568295546898
31.56428510828949
34.57269512685705
35.00472935075525
36.36628480481966
35.95896173359926
32.07040634819555
35.519253650444156
35.13350831107538
32.27853191218897
36.410294769531845
37.35636899359578
34.98909159510595
36.487203810585555
30.63176984232442
38.57721419615477
32.58282410604175
31.844464421674225
33.11735335291025
33.902091789381004
34.84095278088063
33.481400827043586
35.42466372438447
37.0314197772732
34.08240507082007
34.83324104254032
35.10793521329019
32.63695642409406
35.59674291197956
34.45227347630774
35.3731457849278
38.99521946089425
33.64052428094692
33.724994219643996
35.12465177035771
36.5260318872105
38.80131919047036
34.89223193995044
31.68712410996769
32.302376972015
34.171338060930786
32.35038184155628
36.57713854347483
37.3682271250232
37.37573311593775
34.00460410491065
37.28841146945162
34.31103514801412
33.264801119634484
35.14727159627542
33.24437491598767
32.75360666645283
34.13622673489793
41.16293727930114
33.41716496387944
38.82997761309584
35.291363827495985
36.93894040755769
34.64241308712658
34.429632969601194
34.57936558791878
36.0778901837401
33.14609993612239
34.130234274118486
34.20933239531609
35.19209925321689
33.526830843034446
33.186804910447414
34.96712780461231
34.17967377311365
34.9793068858359
35.55073881443778
36.89444906647358
36.8036515335783
31.357955146008862
37.94009034415335
32.77818023318954
36.65618179847467
31.534352852797653
34.65825571807334
38.98122798401036
35.672240366810726
34.34252899920189
34.43348525996765
33.87368708030284
36.82823156370514
42.08402683914599
37.98958269485443
37.2652699720926
39.028798293709926
35.37246331314705
36.66380686883406
34.36031771975702
34.41228252069795
37.7408395219538
37.06600112315382
33.56367133216567
36.384318015075166
36.97383948205514
35.03352432159485
38.068129330668846
35.78201328370615
35.476775530680506
39.05438939309198
36.200046163902016
33.49874472978841
39.58476070704407
34.87960700997981
31.569915068373906
34.826490418036386
30.58581105847391
37.26944299198345
32.6690672835621
31.878288133577165
35.58526094203085
33.954010446696124
33.79373432456291
35.60621247339273
39.766466619218825
35.576550549555414
36.767717097352694
32.05599895480079
38.388760563054625
34.90972995543398
33.98164518667556
36.396990374660334
35.53300267600216
33.04200203860235
34.83496767122281
34.07974038995455
30.56611801084547
32.01953578263377
34.67622097003095
35.74339363329706
36.7009834687885
36.82302064266493
34.56330930418179
30.02277912250326
37.426666212969735
35.131115101844955
35.40978387249527
39.224864184563266
35.012867256782286
32.57342845991757
32.777719682803315
37.24532141225217
37.683016192216705
33.40866593526162
36.51984895040562
35.70395328686955
37.16408097264695
35.489723620165186
36.48805000602889
34.8890874512766
35.210871927387025
36.31567495263509
37.81957794021979
36.518719463011365
31.75768424684292
38.109641428283346
37.51087806295613
35.71714036397033
35.83859011466905
35.92740028595001
39.101819362455565
33.15030543217105
32.354547650613036
34.53518717932685
35.86958134903139
31.12439822653192
36.96648877589104
37.54909002650132
36.335507652924775
36.87538174464961
34.42957656416699
38.9590115741941
36.30661456335364
38.12625636405354
31.381204210103817
35.92581977604446
40.09314595655475
33.66077154006862
31.55021764788616
32.115395396141615
35.140632758051616
37.45704302538274
36.159319008210446
36.405345411269614
32.1049112213793
32.490939290796284
33.566179019227576
36.29907323516852
33.97356455688129
38.342023900218706
37.555861238149475
32.01598093664427
35.41762423055384
31.148217805602474
37.61561788830312
36.900488026134404
33.0441132793298
37.911181816615
36.918035387893234
35.26335872698698
32.38538402394903
33.36442574343368
37.348562491620704
35.93402700871544
35.3244968081354
35.29294651169488
33.66332074901538
35.35584858845973
35.59688552351518
36.32917232676174
32.569567001188055
38.608364842326026
33.66283106592097
35.886398361551144
40.23137390190761
32.59799068257401
37.333409203329346
32.20624694409928
34.63881672367049
33.90197259488215
34.84448927259612
34.674632856936654
34.51412081455808
33.98336995998092
36.33824589711764
35.932877729882094
37.90821377577652
35.28163134338537
35.133606104636215
35.28213432422045
33.77777372042119
34.76981486094883
38.85806385563455
32.371358930213844
33.39966273473059
34.87000206646242
31.948275463706405
32.55265399061079
34.533481139061685
31.613220991210728
34.507083452754046
34.56850274632682
31.257321311979563
33.0326040320347
33.22493762519128
35.66248641480266
34.19539916569061
37.86287087357232
34.86260608522301
33.769613624430754
33.34002473733906
35.61030210258546
37.20076092535255
35.89880058523966
38.971430587784894
32.77293310351277
38.63843471468475
34.21275642290293
32.35981697044014
37.01117808973434
33.751962043726465
34.01028434300745
34.35654321655208
37.38503074024758
32.72761560961185
36.606435423172606
32.182331738093865
34.3248527589409
37.82055915557155
35.77143442466889
32.62654863867168
36.20595987161574
32.356414098668616
34.448157937167856
33.68675170324776
35.50681205664614
35.36195645076927
33.567252520025384
36.72168800803919
35.287188106429525
34.88207547698351
35.53634628156123
35.04361677616582
35.608958620574235
32.66360516916732
35.322648757400025
36.57973159213758
34.940278828168935
30.391232839263957
33.0620229077894
31.873078650672166
39.97778632055779
28.218428847313763
42.55655264208912
35.6900514716345
33.897574619670436
37.977986714226176
38.114661643480396
36.30824620636033
32.6420831838491
33.998825145450766
34.69283435236774
31.08908426981488
33.08168451943357
37.40283832594994
33.91466324949182
33.10789978844178
35.6551534765787
36.11910614386911
37.90617376898278
35.499201807421386
38.295494098175276
34.98585342564594
36.67494053091418
35.879793119404596
34.842438322123485
35.51576613972671
37.97741570640888
34.32166948475336
38.015435802562045
34.719808631830176
34.90059414432515
35.99237897589025
34.600907517135674
34.679726767435376
36.860649179518234
34.73974005452694
36.26747317409328
34.31562272122891
32.045117599701605
31.912861559198177
36.78399898192238
35.44329855808373
35.96781976472249
37.75526018094264
34.141928088852616
35.217653621871406
33.95724964827634
31.557156878576112
33.502156984101205
34.201024920313436
30.25872548649734
33.49980519450879
39.11881088665486
34.21437263882901
34.71254409711342
35.809225296716356
35.95060949156596
37.94614671557449
34.476355179518166
35.699438746827894
29.006506383997756
38.186802499146125
32.633415442519365
33.85191872034315
38.005230514489895
37.078505469817024
36.06506759115148
32.370160835712674
37.72905399643068
31.048648457884248
38.616611090822765
36.734409621000324
34.70747587847489
33.924380154829635
33.97902399806231
37.43402415536494
34.36105058845737
39.41545028083574
36.34282317012004
36.67995769470243
36.93729653215622
36.973409164249546
39.51022163088771
31.187684109929705
33.75308496619105
33.542024096540864
31.0195598285255
30.60974146932824
29.511212924599057
28.22052495321816
32.168933952661774
35.3416389726595
36.68374466996425
34.18121121765897
36.38949942816905
35.66624793118939
38.98552474266087
34.324832992153034
30.152713999481875
31.471730587265565
40.721064388006525
36.090475955921384
36.24397365237125
34.54680930611214
36.64043938600131
34.07448851098112
33.236285841716565
36.68723116271891
32.21851872005708
34.7053251284079
34.49420654692899
34.36987152415972
34.49187857746822
35.58619496275806
30.98784886561525
33.574129701463804
34.426587235661415
29.871730202525136
37.97733918653579
34.38751546980409
33.08336217840844
38.080678679055296
28.974589395380065
38.9243248550473
32.34354874229934
31.04622581726214
31.159334033378137
37.76364500139217
32.96156790423689
32.345898480367765
32.94145018581433
38.25549683329197
35.892811686243554
35.73198723838602
33.2306206059222
30.51300197163806
29.104751897481947
36.467076319689255
35.513932115048235
34.435357908024734
35.556101991291804
34.65711868668995
33.87338134510286
39.851930007473925
40.79144559175904
35.335013175645386
35.263909340401945
32.54961660342637
32.940494337541644
35.26525356640729
36.68952853999095
32.4116433722677
32.025219936717676
34.20476604880984
33.66111668952696
37.03319095723499
32.709565367315506
34.647010851380216
32.627428676721074
35.59702091039056
34.436393375978376
34.83562989386128
32.49891459523476
32.54268657350201
37.28170318794111
33.59319125707894
37.34035479812016
38.18036958786459
36.977683576576425
34.01916961405643
36.89128459515935
36.055735514129
35.03559864703478
36.18834425887931
33.12175522542358
36.48526013964904
34.57538198972256
32.35224103855016
35.51350044105018
38.05960949689309
35.694878576775075
33.24515652778196
34.937114898954455
29.424572799466187
36.130610270932934
38.62326318773225
32.02823207631812
38.16147589691597
34.89643454215964
34.12465049569502
34.22887192030286
35.520589219778806
37.34724545767975
33.837076202998574
35.779509255683834
30.77939158219722
34.934698497417294
36.09380988058798
37.877291352624106
36.28129366212406
33.83320737129167
32.779174356066726
33.84529444216903
34.082748188711655
33.18629955819112
31.02208050077702
34.5376220376183
33.6539461438188
32.404761194703894
32.655371709252634
38.017746885117425
36.03311385486826
36.564570964964226
33.09243313707802
37.06986175591196
34.852243922011354
33.27349718075184
33.377882941057905
35.63395383068094
37.66791730608912
36.19297877230491
34.47835114277919
35.08408316588251
34.887697266318895
36.17147930392268
33.67850896943551
33.45169083898103
34.30984683716566
34.26283481099909
35.94373561085924
35.23467929665611
35.68549343721133
32.99622790952191
31.9434221734892
36.657332135330606
39.0926920243879
35.43422996817318
34.482369855205114
36.809898653093036
32.63148978918272
38.17518192875206
35.9501007622843
41.28957612602996
33.6701378707567
35.59916233519135
35.64919020875033
36.03754155311414
38.743301235826706
34.44943391624551
33.201144755220085
36.08937575116624
35.21984729161252
33.7006393900739
32.44490055683181
35.362569680773426
33.80696938983157
36.23873598198453
33.07119683144509
33.12728438116607
38.52581329366534
33.708029004848186
38.554021946892945
37.86529879875095
32.227983164284566
33.084245699228674
34.01534717171634
33.98314523326773
35.713883038098494
36.68270420911808
35.07363980436587
34.94903526373124
35.68404054283835
34.11003805130357
33.864216629114374
37.95812474269244
35.137999409759765
34.41131992969736
32.38720846952711
38.3249499754924
34.81923293245918
34.29395686779669
33.073004351732514
34.52885243875823
35.15198464774859
33.27701630788509
33.53389670523419
34.32269256440575
34.43652328689827
36.723089459389676
32.92143429131066
35.86948687437691
33.37251412915168
36.39214087862146
34.046965722345405
32.248916104741674
33.73162111771589
35.683857090956
36.48979244062955
38.21100961274902
33.4413240210198
35.584165576670685
35.56436213847448
33.87497146225594
34.546896198181805
34.611088475912645
35.90249048439538
33.57973804693745
33.82380862621121
34.517361268625265
34.240046615025534
35.52374394439247
33.30976279549979
34.08661660678021
32.32899127987185
33.9644246282866
32.06893504488862
34.14988356801747
34.23963963127673
36.61672455827619
35.20832619339575
30.32212462249204
27.125589333489096
30.363716097754235
32.70071375136989
32.70297401186626
37.9142281382053
37.69932682877143
34.158730293079856
32.34211827873262
32.093286527670585
34.196376885998546
32.10358264359825
35.884564234842216
34.38834849225233
31.836882428499003
34.18733989785678
37.30308650679666
36.329651494068536
33.398808806647885
36.64849965587243
36.97118563306998
34.092381406849185
32.55500621505101
33.07953927975404
37.87290342884646
34.20387863184657
34.1992232758417
33.92232734990954
35.655748710506344
30.552519544597576
33.11826944701454
33.54638255589093
35.22127747250442
33.89319011427859
33.845194421286244
39.21738354987985
37.427762881652455
32.916556389945875
37.74073949054293
37.39638344968522
35.85097647341708
35.359163115964805
43.64645079755537
35.67886882549853
38.23158504829904
36.035051090911246
32.20993748323109
34.26465463764228
36.21479037888458
32.67496038718894
36.538228346536094
34.08687376806319
31.602802397162947
40.254310593164476
36.30218093208598
35.00033467139104
29.902645504637427
39.104059377931655
36.4522678024326
33.85650370351924
34.54600553172646
37.02953880007374
36.141841949128256
34.972575934484155
36.47125308871346
36.26137606224489
36.04614212856298
36.8285064638726
35.46558188504886
31.476865965000073
37.22080276647775
37.44122791379554
36.942068173389394
32.58595540059982
35.951495967433374
31.716436355116112
35.217694845428994
33.298794144091964
37.888246639596225
31.29466347130473
33.819946951086735
34.392896172693234
36.97786123692966
35.7696981484116
32.6043928932857
34.509711542939975
31.8149869659301
33.282966312180214
32.26776519550834
37.54177036372379
38.98006267091937
35.281158810292794
35.0264135273603
34.67449024737632
32.550942310911566
36.30220834433533
35.110672653441505
34.1726953990503
34.16965841683446
34.80104524979752
36.65470827660268
36.449199173633716
32.889900539341276
34.78493327588932
38.85916630535335
34.539246800406595
33.98604404625124
37.957067672741175
33.54987845126531
32.73544723537233
34.985591495863055
33.409972463156066
37.31764542441372
33.025148386219776
36.41521548360762
31.4955329511982
32.41664037457139
35.49599436292835
36.18615099378505
34.86078216493951
34.839835461732825
33.543256700043074
32.40753932276545
33.71915935888002
36.368279067898264
37.08194007395307
37.28257947966862
39.18864090918913
37.711162326303715
34.23782891898315
34.431154561912145
34.429740290148715
34.46558171440612
34.195467663074915
37.70331009887444
34.608722263395066
31.865981624177564
32.730240296162
30.565853679305548
31.4809866733028
34.426936694231486
37.10532436679777
33.30191138185909
35.23719333207522
37.65079981743626
39.23214090536488
35.04944236058697
29.690325722870135
38.05495953577726
35.43830936624461
36.94738771580335
31.7806933454511
34.50946312611304
38.18005066028091
37.305081013912286
34.39907864883712
35.083358072880166
40.1422923293174
36.4057667540492
33.70597522675651
35.61363851807521
34.55799257240142
29.917689066763142
35.30266285511424
39.29319880938153
33.96187504515417
36.22077930402605
34.10743409955006
34.3528760117505
34.9672685551298
37.36940589392192
32.240220993681014
36.65690284812681
35.47004325814102
35.60252856981157
35.11411450674011
35.68480217645275
33.10042358411864
34.74417822418353
35.39227880236199
34.88032824155947
33.86256040183415
33.386588463520056
34.80119524351272
32.793166686400546
34.163988404074345
36.70038450944781
33.2890550110837
33.96667919279094
36.955741585431326
34.56124980474509
37.29856476359291
35.108075700191144
36.34110357827537
39.44213693247113
33.23620037519182
38.65303031524898
37.93377753086144
37.90240374441687
33.74427375809496
36.310222151038374
37.57047224588185
35.50546574001869
36.23888117538045
34.58547374781123
37.32966917175718
37.457202517435775
33.404616156080735
32.85129119044676
37.31114381659884
35.08815774806427
29.027991020250315
37.144416402501776
33.90325244211871
37.13727318291401
36.602810574995885
35.48407286098241
34.633262649192766
37.22063380914425
34.90352681910971
34.219799781386406
35.00085189430023
34.63269325930031
33.830392735619945
36.680651357634495
38.282364290622766
30.702744741077886
37.170263336676236
37.42869891139633
32.22926450675854
36.78033804273382
